##
## EPITECH PROJECT, 2018
## Makefile
## File description:
## HEADER
##

SRC =	buble_linked.c	\
		error.c	\
		main.c	\
		swap_linked.c	\
		tools.c	\

SRCC =

OBJ =	$(SRC:.c=.o)

OBJC =	$(SRCC:.c=.o)

NAME =	push_swap

INC = -I./include

CRIT = --coverage -lcriterion

LIB = -L./lib/my -lmy

CRITERION = unit_tests

VALGRIND = -g3

ARGUMENTS = 2 9 4 7 12 1 -6 19 98 90 34 3 18 67 21 56 78 5 31 8 39 15 29 10 51 48 17 22 30  \
			92 16 33 91 45 13 11 27 96 72 14 0 -25 100 193 10000 1090 59 101 42 84 189 123  \
			36 20 102 109 1004 1070 1203 1894 6543 1923 9890 9056 3432 32 185 61 24 563 95  \
			789 52 310 26 99 40 75 23 129 160 689 28 158 -5 -451 -578 -901 -954 -631 -106   \
			1107 1246 10912 8909 9014 7827 8412 -1 6 -19 -98 -90 -34 -3 -18 -67 -21 -56 -78 \
			-58 -31 -8 -39 -15  -29 10000000 -51 -48 -17 -22 -30 -92 -16 -33 -91 -45 -13 -11\
			-27 -96 -72 -14 25  -100 1193 13400 -1090 -59 -101 -42 -84 -189 -123 -36 -20    \
			-102 -109 -371 9034	-5000 65 31 12345 345 234 3 2345 45 567 567 456 67 23456 23	\
			2 9 4 7 12 1 -6 19 98 90 34 3 18 67 21 56 78 5 31 8 39 15 29 10 51 48 17 22 30  \
			92 16 33 91 45 13 11 27 96 72 14 0 -25 100 193 10000 1090 59 101 42 84 189 123  \
			36 20 102 109 1004 1070 1203 1894 6543 1923 9890 9056 3432 32 185 61 24 563 95  \
			789 52 310 26 99 40 75 23 129 160 689 28 158 -5 -451 -578 -901 -954 -631 -106   \
			1107 1246 10912 8909 9014 7827 8412 -1 6 -19 -98 -90 -34 -3 -18 -67 -21 -56 -78 \
			-58 -31 -8 -39 -15  -29 10000000 -51 -48 -17 -22 -30 -92 -16 -33 -91 -45 -13 -11\
			-27 -96 -72 -14 25  -100 1193 13400 -1090 -59 -101 -42 -84 -189 -123 -36 -20    \
			2 9 4 7 12 1 -6 19 98 90 34 3 18 67 21 56 78 5 31 8 39 15 29 10 51 48 17 22 30  \
			92 16 33 91 45 13 11 27 96 72 14 0 -25 100 193 10000 1090 59 101 42 84 189 123  \
			36 20 102 109 1004 1070 1203 1894 6543 1923 9890 9056 3432 32 185 61 24 563 95  \
			789 52 310 26 99 40 75 23 129 160 689 28 158 -5 -451 -578 -901 -954 -631 -106   \
			1107 1246 10912 8909 9014 7827 8412 -1 6 -19 -98 -90 -34 -3 -18 -67 -21 -56 -78 \
			-58 -31 -8 -39 -15  -29 10000000 -51 -48 -17 -22 -30 -92 -16 -33 -91 -45 -13 -11\
			-27 -96 -72 -14 25  -100 1193 13400 -1090 -59 -101 -42 -84 -189 -123 -36 -20    \
			2 9 4 7 12 1 -6 19 98 90 34 3 18 67 21 56 78 5 31 8 39 15 29 10 51 48 17 22 30  \
			92 16 33 91 45 13 11 27 96 72 14 0 -25 100 193 10000 1090 59 101 42 84 189 123  \
			36 20 102 109 1004 1070 1203 1894 6543 1923 9890 9056 3432 32 185 61 24 563 95  \
			789 52 310 26 99 40 75 23 129 160 689 28 158 -5 -451 -578 -901 -954 -631 -106   \
			1107 1246 10912 8909 9014 7827 8412 -1 6 -19 -98 -90 -34 -3 -18 -67 -21 -56 -78 \
			-58 -31 -8 -39 -15  -29 10000000 -51 -48 -17 -22 -30 -92 -16 -33 -91 -45 -13 -11\
			-27 -96 -72 -14 25  -100 1193 13400 -1090 -59 -101 -42 -84 -189 -123 -36 -20    \
			-102 -109 -371 9034	-5000 65 31 12345 345 234 3 2345 45 567 567 456 67 23456 23	\
			2 9 4 7 12 1 -6 19 98 90 34 3 18 67 21 56 78 5 31 8 39 15 29 10 51 48 17 22 30  \
			92 16 33 91 45 13 11 27 96 72 14 0 -25 100 193 10000 1090 59 101 42 84 189 123  \
			36 20 102 109 1004 1070 1203 1894 6543 1923 9890 9056 3432 32 185 61 24 563 95  \
			789 52 310 26 99 40 75 23 129 160 689 28 158 -5 -451 -578 -901 -954 -631 -106   \
			1107 1246 10912 8909 9014 7827 8412 -1 6 -19 -98 -90 -34 -3 -18 -67 -21 -56 -78 \
			-58 -31 -8 -39 -15  -29 10000000 -51 -48 -17 -22 -30 -92 -16 -33 -91 -45 -13 -11\
			-27 -96 -72 -14 25  -100 1193 13400 -1090 -59 -101 -42 -84 -189 -123 -36 -20    \
			2 9 4 7 12 1 -6 19 98 90 34 3 18 67 21 56 78 5 31 8 39 15 29 10 51 48 17 22 30  \
			92 16 33 91 45 13 11 27 96 72 14 0 -25 100 193 10000 1090 59 101 42 84 189 123  \
			36 20 102 109 1004 1070 1203 1894 6543 1923 9890 9056 3432 32 185 61 24 563 95  \
			789 52 310 26 99 40 75 23 129 160 689 28 158 -5 -451 -578 -901 -954 -631 -106   \
			1107 1246 10912 8909 9014 7827 8412 -1 6 -19 -98 -90 -34 -3 -18 -67 -21 -56 -78 \
			-58 -31 -8 -39 -15  -29 10000000 -51 -48 -17 -22 -30 -92 -16 -33 -91 -45 -13 -11\
			-27 -96 -72 -14 25  -100 1193 13400 -1090 -59 -101 -42 -84 -189 -123 -36 -20    \
			2 9 4 7 12 1 -6 19 98 90 34 3 18 67 21 56 78 5 31 8 39 15 29 10 51 48 17 22 30  \
			92 16 33 91 45 13 11 27 96 72 14 0 -25 100 193 10000 1090 59 101 42 84 189 123  \
			36 20 102 109 1004 1070 1203 1894 6543 1923 9890 9056 3432 32 185 61 24 563 95  \
			789 52 310 26 99 40 75 23 129 160 689 28 158 -5 -451 -578 -901 -954 -631 -106   \
			1107 1246 10912 8909 9014 7827 8412 -1 6 -19 -98 -90 -34 -3 -18 -67 -21 -56 -78 \
			-58 -31 -8 -39 -15  -29 10000000 -51 -48 -17 -22 -30 -92 -16 -33 -91 -45 -13 -11\
			-27 -96 -72 -14 25  -100 1193 13400 -1090 -59 -101 -42 -84 -189 -123 -36 -20    \
			-102 -109 -371 9034	-5000 65 31 12345 345 234 3 2345 45 567 567 456 67 23456 23	\
			2 9 4 7 12 1 -6 19 98 90 34 3 18 67 21 56 78 5 31 8 39 15 29 10 51 48 17 22 30  \
			92 16 33 91 45 13 11 27 96 72 14 0 -25 100 193 10000 1090 59 101 42 84 189 123  \
			36 20 102 109 1004 1070 1203 1894 6543 1923 9890 9056 3432 32 185 61 24 563 95  \
			789 52 310 26 99 40 75 23 129 160 689 28 158 -5 -451 -578 -901 -954 -631 -106   \
			1107 1246 10912 8909 9014 7827 8412 -1 6 -19 -98 -90 -34 -3 -18 -67 -21 -56 -78 \
			-58 -31 -8 -39 -15  -29 10000000 -51 -48 -17 -22 -30 -92 -16 -33 -91 -45 -13 -11\
			-27 -96 -72 -14 25  -100 1193 13400 -1090 -59 -101 -42 -84 -189 -123 -36 -20    \
			2 9 4 7 12 1 -6 19 98 90 34 3 18 67 21 56 78 5 31 8 39 15 29 10 51 48 17 22 30  \
			92 16 33 91 45 13 11 27 96 72 14 0 -25 100 193 10000 1090 59 101 42 84 189 123  \
			36 20 102 109 1004 1070 1203 1894 6543 1923 9890 9056 3432 32 185 61 24 563 95  \
			789 52 310 26 99 40 75 23 129 160 689 28 158 -5 -451 -578 -901 -954 -631 -106   \
			1107 1246 10912 8909 9014 7827 8412 -1 6 -19 -98 -90 -34 -3 -18 -67 -21 -56 -78 \
			-58 -31 -8 -39 -15  -29 10000000 -51 -48 -17 -22 -30 -92 -16 -33 -91 -45 -13 -11\
			-27 -96 -72 -14 25  -100 1193 13400 -1090 -59 -101 -42 -84 -189 -123 -36 -20    \
			2 9 4 7 12 1 -6 19 98 90 34 3 18 67 21 56 78 5 31 8 39 15 29 10 51 48 17 22 30  \
			92 16 33 91 45 13 11 27 96 72 14 0 -25 100 193 10000 1090 59 101 42 84 189 123  \
			36 20 102 109 1004 1070 1203 1894 6543 1923 9890 9056 3432 32 185 61 24 563 95  \
			789 52 310 26 99 40 75 23 129 160 689 28 158 -5 -451 -578 -901 -954 -631 -106   \
			1107 1246 10912 8909 9014 7827 8412 -1 6 -19 -98 -90 -34 -3 -18 -67 -21 -56 -78 \
			-58 -31 -8 -39 -15  -29 10000000 -51 -48 -17 -22 -30 -92 -16 -33 -91 -45 -13 -11\
			-27 -96 -72 -14 25  -100 1193 13400 -1090 -59 -101 -42 -84 -189 -123 -36 -20    \
			-102 -109 -371 9034	-5000 65 31 12345 345 234 3 2345 45 567 567 456 67 23456 23	\
			2 9 4 7 12 1 -6 19 98 90 34 3 18 67 21 56 78 5 31 8 39 15 29 10 51 48 17 22 30  \
			92 16 33 91 45 13 11 27 96 72 14 0 -25 100 193 10000 1090 59 101 42 84 189 123  \
			36 20 102 109 1004 1070 1203 1894 6543 1923 9890 9056 3432 32 185 61 24 563 95  \
			789 52 310 26 99 40 75 23 129 160 689 28 158 -5 -451 -578 -901 -954 -631 -106   \
			1107 1246 10912 8909 9014 7827 8412 -1 6 -19 -98 -90 -34 -3 -18 -67 -21 -56 -78 \
			-58 -31 -8 -39 -15  -29 10000000 -51 -48 -17 -22 -30 -92 -16 -33 -91 -45 -13 -11\
			-27 -96 -72 -14 25  -100 1193 13400 -1090 -59 -101 -42 -84 -189 -123 -36 -20    \
			2 9 4 7 12 1 -6 19 98 90 34 3 18 67 21 56 78 5 31 8 39 15 29 10 51 48 17 22 30  \
			92 16 33 91 45 13 11 27 96 72 14 0 -25 100 193 10000 1090 59 101 42 84 189 123  \
			36 20 102 109 1004 1070 1203 1894 6543 1923 9890 9056 3432 32 185 61 24 563 95  \
			789 52 310 26 99 40 75 23 129 160 689 28 158 -5 -451 -578 -901 -954 -631 -106   \
			1107 1246 10912 8909 9014 7827 8412 -1 6 -19 -98 -90 -34 -3 -18 -67 -21 -56 -78 \
			-58 -31 -8 -39 -15  -29 10000000 -51 -48 -17 -22 -30 -92 -16 -33 -91 -45 -13 -11\
			-27 -96 -72 -14 25  -100 1193 13400 -1090 -59 -101 -42 -84 -189 -123 -36 -20    \
			2 9 4 7 12 1 -6 19 98 90 34 3 18 67 21 56 78 5 31 8 39 15 29 10 51 48 17 22 30  \
			92 16 33 91 45 13 11 27 96 72 14 0 -25 100 193 10000 1090 59 101 42 84 189 123  \
			36 20 102 109 1004 1070 1203 1894 6543 1923 9890 9056 3432 32 185 61 24 563 95  \
			789 52 310 26 99 40 75 23 129 160 689 28 158 -5 -451 -578 -901 -954 -631 -106   \
			1107 1246 10912 8909 9014 7827 8412 -1 6 -19 -98 -90 -34 -3 -18 -67 -21 -56 -78 \
			-58 -31 -8 -39 -15  -29 10000000 -51 -48 -17 -22 -30 -92 -16 -33 -91 -45 -13 -11\
			-27 -96 -72 -14 25  -100 1193 13400 -1090 -59 -101 -42 -84 -189 -123 -36 -20    \
			-102 -109 -371 9034	-5000 65 31 12345 345 234 3 2345 45 567 567 456 67 23456 23	\
			2 9 4 7 12 1 -6 19 98 90 34 3 18 67 21 56 78 5 31 8 39 15 29 10 51 48 17 22 30  \
			92 16 33 91 45 13 11 27 96 72 14 0 -25 100 193 10000 1090 59 101 42 84 189 123  \
			36 20 102 109 1004 1070 1203 1894 6543 1923 9890 9056 3432 32 185 61 24 563 95  \
			789 52 310 26 99 40 75 23 129 160 689 28 158 -5 -451 -578 -901 -954 -631 -106   \
			1107 1246 10912 8909 9014 7827 8412 -1 6 -19 -98 -90 -34 -3 -18 -67 -21 -56 -78 \
			-58 -31 -8 -39 -15  -29 10000000 -51 -48 -17 -22 -30 -92 -16 -33 -91 -45 -13 -11\
			-27 -96 -72 -14 25  -100 1193 13400 -1090 -59 -101 -42 -84 -189 -123 -36 -20    \
			2 9 4 7 12 1 -6 19 98 90 34 3 18 67 21 56 78 5 31 8 39 15 29 10 51 48 17 22 30  \
			92 16 33 91 45 13 11 27 96 72 14 0 -25 100 193 10000 1090 59 101 42 84 189 123  \
			36 20 102 109 1004 1070 1203 1894 6543 1923 9890 9056 3432 32 185 61 24 563 95  \
			789 52 310 26 99 40 75 23 129 160 689 28 158 -5 -451 -578 -901 -954 -631 -106   \
			1107 1246 10912 8909 9014 7827 8412 -1 6 -19 -98 -90 -34 -3 -18 -67 -21 -56 -78 \
			-58 -31 -8 -39 -15  -29 10000000 -51 -48 -17 -22 -30 -92 -16 -33 -91 -45 -13 -11\
			-27 -96 -72 -14 25  -100 1193 13400 -1090 -59 -101 -42 -84 -189 -123 -36 -20    \
			2 9 4 7 12 1 -6 19 98 90 34 3 18 67 21 56 78 5 31 8 39 15 29 10 51 48 17 22 30  \
			92 16 33 91 45 13 11 27 96 72 14 0 -25 100 193 10000 1090 59 101 42 84 189 123  \
			36 20 102 109 1004 1070 1203 1894 6543 1923 9890 9056 3432 32 185 61 24 563 95  \
			789 52 310 26 99 40 75 23 129 160 689 28 158 -5 -451 -578 -901 -954 -631 -106   \
			1107 1246 10912 8909 9014 7827 8412 -1 6 -19 -98 -90 -34 -3 -18 -67 -21 -56 -78 \
			-58 -31 -8 -39 -15  -29 10000000 -51 -48 -17 -22 -30 -92 -16 -33 -91 -45 -13 -11\
			-27 -96 -72 -14 25  -100 1193 13400 -1090 -59 -101 -42 -84 -189 -123 -36 -20    \
			-102 -109 -371 9034	-5000 65 31 12345 345 234 3 2345 45 567 567 456 67 23456 23	\
			2 9 4 7 12 1 -6 19 98 90 34 3 18 67 21 56 78 5 31 8 39 15 29 10 51 48 17 22 30  \
			92 16 33 91 45 13 11 27 96 72 14 0 -25 100 193 10000 1090 59 101 42 84 189 123  \
			36 20 102 109 1004 1070 1203 1894 6543 1923 9890 9056 3432 32 185 61 24 563 95  \
			789 52 310 26 99 40 75 23 129 160 689 28 158 -5 -451 -578 -901 -954 -631 -106   \
			1107 1246 10912 8909 9014 7827 8412 -1 6 -19 -98 -90 -34 -3 -18 -67 -21 -56 -78 \
			-58 -31 -8 -39 -15  -29 10000000 -51 -48 -17 -22 -30 -92 -16 -33 -91 -45 -13 -11\
			-27 -96 -72 -14 25  -100 1193 13400 -1090 -59 -101 -42 -84 -189 -123 -36 -20    \
			2 9 4 7 12 1 -6 19 98 90 34 3 18 67 21 56 78 5 31 8 39 15 29 10 51 48 17 22 30  \
			92 16 33 91 45 13 11 27 96 72 14 0 -25 100 193 10000 1090 59 101 42 84 189 123  \
			36 20 102 109 1004 1070 1203 1894 6543 1923 9890 9056 3432 32 185 61 24 563 95  \
			789 52 310 26 99 40 75 23 129 160 689 28 158 -5 -451 -578 -901 -954 -631 -106   \
			1107 1246 10912 8909 9014 7827 8412 -1 6 -19 -98 -90 -34 -3 -18 -67 -21 -56 -78 \
			-58 -31 -8 -39 -15  -29 10000000 -51 -48 -17 -22 -30 -92 -16 -33 -91 -45 -13 -11\
			-27 -96 -72 -14 25  -100 1193 13400 -1090 -59 -101 -42 -84 -189 -123 -36 -20    \

all:	$(NAME)

$(NAME):	$(OBJ)
			make -C ./lib/my
			gcc -o $(NAME) $(OBJ) $(INC) $(LIB)
			rm -f $(OBJ)
			rm -f ../lib/my/libmy.a
			rm -f lib/my/libmy.a

exe:		$(NAME)
			clear
			./$(NAME) $(ARGUMENTS)

valgrind:	$(OBJ)
			make -C ./lib/my
			gcc -o $(NAME) $(OBJ) $(INC) $(LIB) $(VALGRIND)
			rm -f $(OBJ)
			clear
			valgrind ./$(NAME) $(ARGUMENTS)

clean:
	rm -f $(OBJ)

fclean:	clean
		rm -f $(NAME)
		rm -f ../lib/my/libmy.a
		rm -f lib/my/libmy.a

re: fclean all

test:	$(NAME)
		clear
		./$(NAME) 1 2 3 4 5

test_run:	$(OBJC)
			make -C ./lib/my
			gcc -o $(CRITERION) $(OBJC) $(INC) $(LIB) $(CRIT)
			rm -f $(OBJC)
			rm -f ../lib/my/libmy.a
			rm -f lib/my/libmy.a
			./$(CRITERION)
